
################################################################################
# Gelman-Rubin Diagnostic
################################################################################

Generally the Gelman diagnostic should be < 1.05


Out of 155 variables: 0 > 1.01

                      
0 > 1.05

                      
0 > 1.1


The worst variables are:

             Point est. Upper C.I.
loglik[28]     1.008582   1.011808
loglik[32]     1.006563   1.006645
loglik[10]     1.005355   1.007666
loglik[5]      1.004709   1.009124
loglik[15]     1.004334   1.004809
loglik[24]     1.003833   1.005115
loglik[18]     1.003803   1.003949
p.fac1[15,1]   1.003743   1.007225
p.fac1[15,2]   1.003743   1.007225
loglik[1]      1.003700   1.003992


And here are the Gelman diagnostics for all variables:

               Point est. Upper C.I.
deviance        1.0011760  1.0051653
ilr.fac1[1,1]         NaN        NaN
ilr.fac1[10,1]  1.0000082  1.0010152
ilr.fac1[11,1]  1.0013982  1.0029696
ilr.fac1[12,1]  0.9997752  1.0003095
ilr.fac1[13,1]  1.0005641  1.0024412
ilr.fac1[14,1]  1.0010206  1.0028509
ilr.fac1[15,1]  1.0019318  1.0053964
ilr.fac1[16,1]  1.0004046  1.0020910
ilr.fac1[17,1]  1.0010025  1.0017955
ilr.fac1[18,1]  1.0009116  1.0038736
ilr.fac1[19,1]  1.0002521  1.0018139
ilr.fac1[2,1]   0.9999066  1.0004137
ilr.fac1[20,1]  1.0008582  1.0033430
ilr.fac1[21,1]  1.0006276  1.0009888
ilr.fac1[22,1]  0.9996585  0.9999209
ilr.fac1[23,1]  1.0007218  1.0011442
ilr.fac1[24,1]  0.9996441  0.9999137
ilr.fac1[25,1]  1.0013055  1.0055831
ilr.fac1[26,1]  0.9995874  0.9996868
ilr.fac1[27,1]  1.0000139  1.0004660
ilr.fac1[28,1]  1.0000584  1.0010996
ilr.fac1[29,1]  1.0007912  1.0021357
ilr.fac1[3,1]   1.0001763  1.0016605
ilr.fac1[30,1]  0.9995720  0.9996535
ilr.fac1[31,1]  1.0024212  1.0047761
ilr.fac1[32,1]  0.9998968  1.0003542
ilr.fac1[33,1]  0.9996896  0.9998499
ilr.fac1[34,1]  0.9999242  1.0009658
ilr.fac1[35,1]  1.0000247  1.0011536
ilr.fac1[36,1]  1.0006803  1.0019995
ilr.fac1[37,1]  1.0000900  1.0012096
ilr.fac1[38,1]  1.0012219  1.0031414
ilr.fac1[4,1]   1.0005530  1.0032015
ilr.fac1[5,1]   1.0000196  1.0002115
ilr.fac1[6,1]   1.0015437  1.0044981
ilr.fac1[7,1]   0.9995706  0.9996327
ilr.fac1[8,1]   1.0009744  1.0047223
ilr.fac1[9,1]   1.0016437  1.0029846
loglik[1]       1.0037001  1.0039921
loglik[10]      1.0053549  1.0076658
loglik[11]      1.0008220  1.0018173
loglik[12]      1.0017417  1.0035865
loglik[13]      1.0009010  1.0017626
loglik[14]      1.0000577  1.0001743
loglik[15]      1.0043338  1.0048094
loglik[16]      1.0019336  1.0037455
loglik[17]      1.0034732  1.0041949
loglik[18]      1.0038025  1.0039487
loglik[19]      1.0003033  1.0018426
loglik[2]       1.0031411  1.0069815
loglik[20]      1.0019842  1.0046891
loglik[21]      1.0012207  1.0034980
loglik[22]      1.0007486  1.0018782
loglik[23]      1.0025034  1.0036480
loglik[24]      1.0038331  1.0051152
loglik[25]      0.9998362  1.0006859
loglik[26]      1.0017800  1.0024316
loglik[27]      1.0010700  1.0015148
loglik[28]      1.0085822  1.0118078
loglik[29]      1.0022930  1.0031199
loglik[3]       1.0005026  1.0006691
loglik[30]      0.9997269  0.9999880
loglik[31]      1.0014408  1.0031130
loglik[32]      1.0065633  1.0066454
loglik[33]      1.0004303  1.0010837
loglik[34]      1.0002047  1.0012720
loglik[35]      1.0014161  1.0016500
loglik[36]      1.0017619  1.0062662
loglik[37]      1.0022929  1.0030196
loglik[38]      1.0004542  1.0006150
loglik[4]       1.0004271  1.0012067
loglik[5]       1.0047092  1.0091236
loglik[6]       0.9995506  0.9996618
loglik[7]       0.9998546  1.0002820
loglik[8]       1.0022409  1.0031993
loglik[9]       1.0002892  1.0009545
p.fac1[1,1]     0.9998129  0.9998582
p.fac1[1,2]     0.9998129  0.9998582
p.fac1[10,1]    1.0000539  1.0003959
p.fac1[10,2]    1.0000539  1.0003959
p.fac1[11,1]    1.0029348  1.0057095
p.fac1[11,2]    1.0029348  1.0057095
p.fac1[12,1]    1.0005549  1.0013598
p.fac1[12,2]    1.0005549  1.0013598
p.fac1[13,1]    1.0014017  1.0036761
p.fac1[13,2]    1.0014017  1.0036761
p.fac1[14,1]    1.0001106  1.0015552
p.fac1[14,2]    1.0001106  1.0015552
p.fac1[15,1]    1.0037426  1.0072249
p.fac1[15,2]    1.0037426  1.0072249
p.fac1[16,1]    1.0000564  1.0013281
p.fac1[16,2]    1.0000564  1.0013281
p.fac1[17,1]    0.9999938  1.0008375
p.fac1[17,2]    0.9999938  1.0008375
p.fac1[18,1]    1.0009863  1.0042410
p.fac1[18,2]    1.0009863  1.0042410
p.fac1[19,1]    1.0000883  1.0014704
p.fac1[19,2]    1.0000883  1.0014704
p.fac1[2,1]     1.0000441  1.0010951
p.fac1[2,2]     1.0000441  1.0010951
p.fac1[20,1]    1.0006183  1.0025445
p.fac1[20,2]    1.0006183  1.0025445
p.fac1[21,1]    1.0005350  1.0006051
p.fac1[21,2]    1.0005350  1.0006051
p.fac1[22,1]    0.9995586  0.9995994
p.fac1[22,2]    0.9995586  0.9995994
p.fac1[23,1]    0.9999768  1.0010680
p.fac1[23,2]    0.9999768  1.0010680
p.fac1[24,1]    0.9998352  1.0003308
p.fac1[24,2]    0.9998352  1.0003308
p.fac1[25,1]    1.0011556  1.0051145
p.fac1[25,2]    1.0011556  1.0051145
p.fac1[26,1]    1.0005275  1.0009272
p.fac1[26,2]    1.0005275  1.0009272
p.fac1[27,1]    0.9998277  1.0003864
p.fac1[27,2]    0.9998277  1.0003864
p.fac1[28,1]    1.0001334  1.0011438
p.fac1[28,2]    1.0001334  1.0011438
p.fac1[29,1]    1.0010089  1.0032289
p.fac1[29,2]    1.0010089  1.0032289
p.fac1[3,1]     1.0002060  1.0017416
p.fac1[3,2]     1.0002060  1.0017416
p.fac1[30,1]    0.9995377  0.9996049
p.fac1[30,2]    0.9995377  0.9996049
p.fac1[31,1]    1.0013339  1.0038399
p.fac1[31,2]    1.0013339  1.0038399
p.fac1[32,1]    1.0003230  1.0010783
p.fac1[32,2]    1.0003230  1.0010783
p.fac1[33,1]    0.9996493  0.9998544
p.fac1[33,2]    0.9996493  0.9998544
p.fac1[34,1]    1.0000862  1.0015643
p.fac1[34,2]    1.0000862  1.0015643
p.fac1[35,1]    0.9998222  1.0006321
p.fac1[35,2]    0.9998222  1.0006321
p.fac1[36,1]    1.0003817  1.0011945
p.fac1[36,2]    1.0003817  1.0011945
p.fac1[37,1]    0.9998844  1.0008919
p.fac1[37,2]    0.9998844  1.0008919
p.fac1[38,1]    1.0000379  1.0010772
p.fac1[38,2]    1.0000379  1.0010772
p.fac1[4,1]     1.0005396  1.0023644
p.fac1[4,2]     1.0005396  1.0023644
p.fac1[5,1]     0.9999709  1.0006458
p.fac1[5,2]     0.9999709  1.0006458
p.fac1[6,1]     1.0004440  1.0026406
p.fac1[6,2]     1.0004440  1.0026406
p.fac1[7,1]     0.9996531  0.9997687
p.fac1[7,2]     0.9996531  0.9997687
p.fac1[8,1]     1.0017542  1.0072000
p.fac1[8,2]     1.0017542  1.0072000
p.fac1[9,1]     1.0000577  1.0006579
p.fac1[9,2]     1.0000577  1.0006579
p.global[1]     0.9998129  0.9998582
p.global[2]     0.9998129  0.9998582

################################################################################
# Geweke Diagnostic
################################################################################

The Geweke diagnostic is a standard z-score, so we'd expect 5% to be outside +/-1.96
Number of variables outside +/-1.96 in each chain (out of 
155
):


       Chain 1 Chain 2 Chain 3
Geweke      18       2       5


And here are the Geweke diagnostics for all variables:

               chain1 chain2 chain3
deviance       -2.695  0.443  0.237
ilr.fac1[10,1]  0.829  1.403  1.439
ilr.fac1[11,1] -0.347  0.909  0.134
ilr.fac1[12,1] -1.672  0.043 -1.201
ilr.fac1[13,1]  0.911  0.574  0.172
ilr.fac1[14,1]  0.657  1.023  0.670
ilr.fac1[15,1] -0.576 -0.825  0.885
ilr.fac1[16,1] -1.127 -0.768 -0.829
ilr.fac1[17,1] -0.075 -0.707  2.785
ilr.fac1[18,1] -1.275  1.348 -0.088
ilr.fac1[19,1]  0.613  0.549  0.211
ilr.fac1[2,1]  -0.556  0.599 -0.120
ilr.fac1[20,1]  0.059 -0.062  0.829
ilr.fac1[21,1]  0.045  0.383 -0.084
ilr.fac1[22,1] -0.933 -0.290 -0.072
ilr.fac1[23,1] -1.125 -0.862  0.335
ilr.fac1[24,1] -0.206  0.825 -0.777
ilr.fac1[25,1] -0.058 -0.031  0.980
ilr.fac1[26,1]  0.131 -0.638  0.611
ilr.fac1[27,1] -0.795  0.901  2.434
ilr.fac1[28,1] -2.128  0.543  1.544
ilr.fac1[29,1] -0.510  0.347 -0.044
ilr.fac1[3,1]   2.061  1.310  0.543
ilr.fac1[30,1]  0.366  0.675  1.529
ilr.fac1[31,1]  0.835 -0.390  1.191
ilr.fac1[32,1]  0.750  0.497 -0.804
ilr.fac1[33,1]  0.557  0.328 -0.409
ilr.fac1[34,1]  0.676  1.471  1.771
ilr.fac1[35,1] -0.594  2.311 -1.323
ilr.fac1[36,1]  0.571 -0.043 -1.404
ilr.fac1[37,1] -0.653 -0.007  0.960
ilr.fac1[38,1] -0.103  1.098 -0.680
ilr.fac1[4,1]  -0.226  1.293 -0.524
ilr.fac1[5,1]   1.186 -0.469  1.055
ilr.fac1[6,1]   0.276 -0.697  0.230
ilr.fac1[7,1]  -1.595  0.245  0.653
ilr.fac1[8,1]   0.909  1.193  0.210
ilr.fac1[9,1]   1.926  1.158 -1.102
loglik[1]       1.396  0.449 -0.456
loglik[10]      1.586  0.937  0.237
loglik[11]     -0.926  0.435 -2.044
loglik[12]     -0.764 -0.469  0.670
loglik[13]      0.147  1.807  0.150
loglik[14]      0.174  1.735  0.580
loglik[15]     -0.374  0.459 -0.634
loglik[16]     -0.243 -0.494 -1.364
loglik[17]      0.823 -0.361  0.208
loglik[18]      0.951  1.179 -0.897
loglik[19]      1.096  2.240 -0.150
loglik[2]       0.003 -0.635  1.529
loglik[20]      2.426 -0.219  0.891
loglik[21]      1.171 -0.195  0.613
loglik[22]      2.141 -0.490 -1.242
loglik[23]     -0.620 -1.177  0.714
loglik[24]      0.385  1.039 -0.038
loglik[25]      2.800  0.086  1.147
loglik[26]      0.830 -0.466 -0.503
loglik[27]     -1.284 -1.712 -0.249
loglik[28]     -0.424 -0.575  0.018
loglik[29]      2.514  0.191  1.271
loglik[3]       0.448 -1.210 -0.240
loglik[30]      0.349  1.228  1.383
loglik[31]      1.909  0.158  0.505
loglik[32]      0.220  0.042 -1.085
loglik[33]      0.045 -1.787  1.312
loglik[34]      1.059 -0.551  0.716
loglik[35]      0.855  0.667 -0.076
loglik[36]      1.968 -0.191 -1.009
loglik[37]      2.190  0.999 -0.554
loglik[38]      0.360 -0.718  1.303
loglik[4]      -1.755  0.193 -0.083
loglik[5]       2.437  0.179 -1.190
loglik[6]      -0.336 -0.900 -0.833
loglik[7]      -1.249 -0.178  0.402
loglik[8]       1.527  0.325 -0.210
loglik[9]      -0.621 -0.842 -0.095
p.fac1[1,1]    -0.126 -1.065 -1.792
p.fac1[1,2]     0.126  1.065  1.792
p.fac1[10,1]    1.298  1.324  0.371
p.fac1[10,2]   -1.298 -1.324 -0.371
p.fac1[11,1]   -0.241  0.420 -0.401
p.fac1[11,2]    0.241 -0.420  0.401
p.fac1[12,1]   -1.940 -0.407 -2.233
p.fac1[12,2]    1.940  0.407  2.233
p.fac1[13,1]    0.890 -0.079 -1.159
p.fac1[13,2]   -0.890  0.079  1.159
p.fac1[14,1]    1.192  0.779 -0.511
p.fac1[14,2]   -1.192 -0.779  0.511
p.fac1[15,1]   -0.179 -1.214  0.003
p.fac1[15,2]    0.179  1.214 -0.003
p.fac1[16,1]   -1.930 -0.719 -1.678
p.fac1[16,2]    1.930  0.719  1.678
p.fac1[17,1]   -0.682 -1.762  1.596
p.fac1[17,2]    0.682  1.762 -1.596
p.fac1[18,1]   -2.166  0.651 -0.832
p.fac1[18,2]    2.166 -0.651  0.832
p.fac1[19,1]    0.883 -0.030 -0.352
p.fac1[19,2]   -0.883  0.030  0.352
p.fac1[2,1]    -0.606  0.258 -0.208
p.fac1[2,2]     0.606 -0.258  0.208
p.fac1[20,1]   -0.747 -0.860  0.241
p.fac1[20,2]    0.747  0.860 -0.241
p.fac1[21,1]    1.455  0.158 -1.081
p.fac1[21,2]   -1.455 -0.158  1.081
p.fac1[22,1]   -0.289 -0.546 -0.658
p.fac1[22,2]    0.289  0.546  0.658
p.fac1[23,1]   -1.487 -0.611 -0.205
p.fac1[23,2]    1.487  0.611  0.205
p.fac1[24,1]   -0.593  0.026 -1.395
p.fac1[24,2]    0.593 -0.026  1.395
p.fac1[25,1]   -0.011  0.002 -0.201
p.fac1[25,2]    0.011 -0.002  0.201
p.fac1[26,1]   -0.490 -0.906 -0.080
p.fac1[26,2]    0.490  0.906  0.080
p.fac1[27,1]   -0.564  0.404  1.895
p.fac1[27,2]    0.564 -0.404 -1.895
p.fac1[28,1]   -2.313 -0.079  1.127
p.fac1[28,2]    2.313  0.079 -1.127
p.fac1[29,1]   -0.847 -0.169 -0.828
p.fac1[29,2]    0.847  0.169  0.828
p.fac1[3,1]     2.263  0.376  0.078
p.fac1[3,2]    -2.263 -0.376 -0.078
p.fac1[30,1]    0.429 -0.009  1.013
p.fac1[30,2]   -0.429  0.009 -1.013
p.fac1[31,1]    0.893 -0.921  0.523
p.fac1[31,2]   -0.893  0.921 -0.523
p.fac1[32,1]    0.938  0.324 -1.153
p.fac1[32,2]   -0.938 -0.324  1.153
p.fac1[33,1]    0.789 -0.092 -1.027
p.fac1[33,2]   -0.789  0.092  1.027
p.fac1[34,1]    0.508  0.987  1.081
p.fac1[34,2]   -0.508 -0.987 -1.081
p.fac1[35,1]   -1.041  1.596 -1.508
p.fac1[35,2]    1.041 -1.596  1.508
p.fac1[36,1]    0.033 -0.479 -1.911
p.fac1[36,2]   -0.033  0.479  1.911
p.fac1[37,1]    0.125 -0.382  0.446
p.fac1[37,2]   -0.125  0.382 -0.446
p.fac1[38,1]    0.033  0.826 -1.591
p.fac1[38,2]   -0.033 -0.826  1.591
p.fac1[4,1]    -0.327  0.745 -1.210
p.fac1[4,2]     0.327 -0.745  1.210
p.fac1[5,1]     1.488 -1.563  0.689
p.fac1[5,2]    -1.488  1.563 -0.689
p.fac1[6,1]     0.850 -0.904 -0.194
p.fac1[6,2]    -0.850  0.904  0.194
p.fac1[7,1]    -0.719 -0.174  0.203
p.fac1[7,2]     0.719  0.174 -0.203
p.fac1[8,1]     1.484  0.580 -0.622
p.fac1[8,2]    -1.484 -0.580  0.622
p.fac1[9,1]     1.974  0.887 -1.205
p.fac1[9,2]    -1.974 -0.887  1.205
p.global[1]    -0.126 -1.065 -1.792
p.global[2]     0.126  1.065  1.792
